A = [1  1  1  2;
     2 -2  3  1;
     1  3  4  0;
     5  1  1  0;
     2  4  3  0;
     1 -1  0  0];
b = [2 1 1 0 0 0]';
