maxM =

     1     0     0     1
     0     0     0     1
     1     0     1     0
     0     0     1     0
     1     1     0     0
     0     1     0     0


maxP =

    0.7900





maxM =

     0     1     1
     1     0     1
     0     0     1
     1     1     0
     0     1     0
     1     0     0


maxP =

    0.9478
